5 : 95
6 : 718
6 12 : 132
6 12 21 : 85
6 12 29 : 64
6 21 : 202
6 21 29 : 85
6 24 : 213
6 24 29 : 62
6 24 486 : 61
6 24 748 : 66
6 29 : 214
6 29 43 : 62
6 40 : 74
6 43 : 143
6 282 : 79
6 486 : 98
6 505 : 65
6 510 : 90
6 649 : 73
6 661 : 84
6 748 : 96
6 1146 : 59
6 1178 : 98
6 1191 : 69
6 1193 : 73
8 : 188
10 : 145
11 : 160
12 : 244
12 21 : 133
12 21 29 : 72
12 24 : 93
12 29 : 92
15 : 85
16 : 76
20 : 187
21 : 384
21 29 : 134
21 43 : 64
24 : 1027
24 29 : 80
24 468 : 95
24 486 : 148
24 486 748 : 66
24 510 : 66
24 661 : 63
24 748 : 181
24 1178 : 80
24 1193 : 69
25 : 108
27 : 126
28 : 113
29 : 461
29 43 : 142
29 282 : 90
29 510 : 105
29 661 : 66
29 1150 : 66
31 : 181
32 : 135
33 : 149
34 : 77
38 : 127
39 : 381
39 288 : 111
39 288 511 : 86
39 288 1151 : 63
39 381 : 75
39 511 : 160
39 511 1151 : 88
39 1151 : 132
39 1202 : 74
40 : 244
42 : 109
43 : 743
43 67 : 59
43 749 : 80
43 1178 : 67
44 : 59
46 : 83
50 : 171
51 : 232
59 : 70
60 : 106
62 : 161
64 : 113
65 : 73
67 : 347
68 : 83
72 : 160
85 : 116
93 : 194
93 128 : 83
96 : 112
97 : 66
98 : 104
105 : 101
106 : 147
108 : 85
112 : 134
116 : 118
123 : 797
123 154 : 92
123 168 : 77
123 230 : 66
123 1259 : 68
125 : 151
125 128 : 67
128 : 287
132 : 105
133 : 186
134 : 62
137 : 110
141 : 200
145 : 119
148 : 153
153 : 77
154 : 577
154 188 : 105
154 1259 : 210
157 : 156
158 : 79
168 : 541
168 468 : 95
168 468 579 : 79
168 468 579 1097 : 78
168 468 1097 : 85
168 579 : 84
168 1097 : 126
171 : 122
172 : 78
175 : 89
176 : 100
179 : 63
188 : 125
191 : 91
197 : 73
199 : 64
200 : 141
206 : 189
207 : 175
209 : 183
213 : 112
214 : 108
216 : 62
219 : 149
225 : 87
230 : 503
231 : 93
235 : 197
241 : 113
248 : 136
253 : 128
254 : 69
256 : 398
256 282 : 71
257 : 108
261 : 109
262 : 113
265 : 109
267 : 87
268 : 218
268 272 : 75
268 282 : 82
269 : 158
271 : 106
272 : 368
272 282 : 142
272 288 : 68
272 510 : 60
275 : 201
276 : 59
277 : 143
278 : 88
281 : 283
281 288 : 59
281 511 : 62
281 1151 : 66
282 : 472
282 510 : 106
282 1150 : 82
283 : 157
284 : 86
287 : 167
288 : 394
288 381 : 101
288 511 : 162
288 511 1151 : 80
288 726 : 63
288 1151 : 122
288 1202 : 87
290 : 66
291 : 133
294 : 138
296 : 121
309 : 89
310 : 120
323 : 114
324 : 81
327 : 153
328 : 61
330 : 83
331 : 106
332 : 65
333 : 66
335 : 85
340 : 68
342 : 88
347 : 83
349 : 71
350 : 105
361 : 251
362 : 87
366 : 71
374 : 219
375 : 101
378 : 173
380 : 101
381 : 267
381 384 : 92
381 511 : 88
381 1151 : 80
382 : 85
384 : 173
388 : 133
391 : 119
393 : 138
398 : 75
404 : 81
405 : 127
408 : 108
411 : 73
414 : 65
415 : 142
417 : 83
418 : 104
423 : 64
424 : 73
425 : 403
426 : 141
427 : 96
435 : 183
436 : 69
437 : 98
438 : 157
442 : 69
451 : 84
452 : 128
455 : 65
457 : 89
460 : 310
465 : 143
467 : 278
468 : 706
468 473 : 64
468 486 : 130
468 486 748 : 67
468 579 : 80
468 748 : 119
468 1097 : 95
469 : 84
473 : 132
474 : 78
475 : 100
478 : 68
479 : 89
482 : 191
483 : 141
486 : 828
486 490 : 115
486 505 : 70
486 505 510 : 66
486 510 : 170
486 748 : 186
486 1178 : 71
489 : 76
490 : 152
492 : 221
492 503 : 74
492 506 : 88
492 510 : 61
493 : 105
495 : 101
496 : 106
498 : 128
499 : 84
500 : 78
502 : 90
503 : 240
503 506 : 91
504 : 212
505 : 242
505 510 : 152
505 511 : 61
506 : 395
506 510 : 102
506 1178 : 87
506 1193 : 67
507 : 202
510 : 531
510 661 : 64
510 748 : 68
510 1150 : 99
510 1178 : 70
511 : 464
511 726 : 62
511 1151 : 172
511 1151 1202 : 69
511 1202 : 91
512 : 170
515 : 66
517 : 81
518 : 257
519 : 178
523 : 125
527 : 69
528 : 60
535 : 236
536 : 158
537 : 147
542 : 90
546 : 133
547 : 119
555 : 115
565 : 85
566 : 121
566 594 : 59
569 : 124
570 : 60
572 : 79
573 : 137
573 594 : 60
574 : 125
575 : 84
577 : 68
578 : 68
579 : 215
579 1097 : 101
580 : 207
584 : 182
586 : 59
587 : 140
588 : 83
589 : 227
591 : 126
594 : 301
594 612 : 77
596 : 82
598 : 94
600 : 158
602 : 101
603 : 85
605 : 123
608 : 65
609 : 71
610 : 170
611 : 85
612 : 151
615 : 288
616 : 182
621 : 88
623 : 90
627 : 231
627 652 : 62
627 665 : 86
628 : 195
639 : 75
643 : 237
649 : 383
649 661 : 116
649 748 : 165
649 749 : 150
649 1178 : 60
651 : 92
652 : 162
653 : 188
655 : 285
656 : 89
657 : 91
659 : 172
660 : 81
661 : 418
661 745 : 94
661 748 : 149
661 749 : 106
661 1178 : 75
662 : 150
665 : 195
666 : 131
667 : 95
669 : 179
670 : 83
673 : 213
683 : 68
684 : 61
689 : 207
701 : 87
711 : 133
712 : 69
713 : 59
716 : 78
717 : 72
718 : 66
720 : 249
722 : 72
724 : 85
725 : 140
726 : 172
729 : 79
730 : 104
733 : 108
735 : 125
745 : 205
748 : 1268
748 1097 : 67
748 1178 : 91
748 1193 : 87
749 : 564
749 1178 : 77
751 : 198
759 : 140
762 : 192
769 : 65
777 : 100
794 : 83
826 : 69
841 : 104
862 : 68
873 : 136
874 : 71
920 : 59
925 : 69
937 : 158
950 : 74
982 : 65
995 : 98
996 : 128
997 : 65
1009 : 186
1020 : 112
1022 : 75
1062 : 105
1063 : 176
1064 : 68
1071 : 62
1074 : 65
1085 : 171
1086 : 110
1095 : 150
1097 : 284
1102 : 186
1111 : 72
1117 : 139
1119 : 74
1143 : 143
1143 1147 : 62
1144 : 127
1144 1146 : 63
1145 : 222
1146 : 242
1146 1150 : 73
1146 1151 : 74
1147 : 252
1147 1178 : 61
1148 : 88
1149 : 195
1150 : 262
1151 : 516
1151 1178 : 60
1151 1202 : 99
1153 : 76
1156 : 108
1159 : 148
1159 1161 : 59
1161 : 116
1162 : 117
1163 : 501
1163 1178 : 263
1163 1178 1179 : 61
1163 1178 1191 : 90
1163 1178 1193 : 129
1163 1179 : 111
1163 1179 1191 : 62
1163 1179 1193 : 63
1163 1191 : 130
1163 1193 : 297
1165 : 86
1168 : 140
1172 : 84
1176 : 182
1177 : 69
1178 : 2750
1178 1179 : 146
1178 1179 1191 : 86
1178 1179 1193 : 74
1178 1191 : 389
1178 1193 : 705
1179 : 308
1179 1191 : 132
1179 1193 : 184
1181 : 82
1185 : 64
1188 : 75
1190 : 64
1191 : 553
1191 1193 : 81
1192 : 63
1193 : 2535
1194 : 84
1195 : 157
1196 : 122
1199 : 112
1200 : 123
1201 : 112
1202 : 271
1203 : 81
1204 : 87
1206 : 74
1207 : 83
1208 : 59
1210 : 92
1211 : 102
1213 : 150
1214 : 78
1216 : 81
1221 : 75
1229 : 102
1232 : 84
1235 : 88
1240 : 90
1242 : 98
1244 : 76
1248 : 110
1250 : 135
1254 : 141
1257 : 140
1259 : 392
1279 : 121
1283 : 91
1286 : 61
1289 : 92
